2834
3481
2337
2409
2313
2330
2367
2888
2317
4935
3338
2303
3406
3037
2885
6153
2883
2408
2448
3017
2344
2603
2449
2002
2891
4915
2338
4968
2637
1101
2458
2884
2542
2882
3049
1504
2382
2886
3041
2499
6116
3231
2887
2345
2371
2890
2323
2492
2327
9157
2454
3047
5880
6213
2301
6269
2455
2101
3034
2324
2383
2349
8046
1216
2353
2881
6239
1102
2105
4551
6271
5469
3711
2880
3645
2892
8105
3062
2812
2474
1303
4958
2633
2379
2823
2610
2801
1736
3026
1314
2601
2387
0050
3661
2368
3682
8081
1301
2618
2377
1402
9904
2352
2406
5876
2308
2439
0056
2375
1326
6257
2520
8016
2356
9955
2412
2014
2504
3189
8028
3035
8215
2456
4155
1605
6505
2329
2027
2201
4938
8112
3706
2515
2498
6230
3003
1809
6552
3702
3023
2347
2228
6176
2376
4943
6005
2537
8150
2328
2444
3653
1808
4904
2357
6278
2903
1722
3698
6120
9958
2606
4137
2401
5871
3044
3576
2354
2614
6525
3533
4927
2845
5531
2535
9938
1590
3596
2431
3042
1718
6191
2421
4906
3045
3704
2312
2723
6251
2889
2609
1515
4725
3016
2399
9935
2402
2340
1909
2104
6456
5264
2314
6451
2106
2332
1522
2615
1305
3031
9921
5388
2392
2485